9 0.8486328125 0.4462890625 0.037109375 0.0615234375
2 0.919921875 0.7841796875 0.044921875 0.0751953125
2 0.67578125 0.5947265625 0.041015625 0.068359375
0 0.5078125 0.2666015625 0.037109375 0.0595703125
0 0.7177734375 0.435546875 0.03515625 0.0634765625
7 0.5849609375 0.90234375 0.04296875 0.0791015625
2 0.1025390625 0.2021484375 0.0390625 0.056640625
7 0.3505859375 0.7041015625 0.0390625 0.0732421875
6 0.9736328125 0.1708984375 0.04296875 0.056640625
12 0.2744140625 0.9150390625 0.041015625 0.0791015625
11 0.3388671875 0.43359375 0.044921875 0.06640625
12 0.064453125 0.705078125 0.0390625 0.0732421875
11 0.1533203125 0.271484375 0.03515625 0.0302734375
11 0.1533203125 0.2548828125 0.03515625 0.0625