8 0.259765625 0.537109375 0.0849609375 0.044921875
6 0.6865234375 0.642578125 0.0908203125 0.052734375
11 0.662109375 0.1259765625 0.0771484375 0.052734375
8 0.091796875 0.55859375 0.0654296875 0.06640625
0 0.330078125 0.5537109375 0.0908203125 0.0517578125
10 0.1162109375 0.1630859375 0.03515625 0.05859375
0 0.1943359375 0.798828125 0.0966796875 0.056640625
6 0.572265625 0.896484375 0.0927734375 0.056640625
8 0.8759765625 0.265625 0.0634765625 0.0537109375
4 0.4521484375 0.58203125 0.046875 0.0634765625
11 0.880859375 0.369140625 0.041015625 0.0615234375
0 0.8671875 0.8720703125 0.046875 0.0732421875
10 0.3154296875 0.3427734375 0.03515625 0.046875
12 0.34375 0.0966796875 0.0751953125 0.0498046875
11 0.625 0.3388671875 0.0810546875 0.0556640625
12 0.2890625 0.3056640625 0.048828125 0.046875