3 0.5029296875 0.8544921875 0.05078125 0.0712890625
3 0.376953125 0.6162109375 0.046875 0.0654296875
4 0.552734375 0.3310546875 0.044921875 0.0595703125
1 0.8291015625 0.365234375 0.0390625 0.0595703125
1 0.1181640625 0.1552734375 0.0390625 0.05859375
11 0.2529296875 0.8134765625 0.048828125 0.076171875
5 0.8525390625 0.822265625 0.041015625 0.072265625
1 0.66796875 0.181640625 0.037109375 0.056640625
11 0.0869140625 0.59765625 0.046875 0.0712890625
5 0.6552734375 0.6103515625 0.0390625 0.06640625
12 0.228515625 0.140625 0.0390625 0.05859375
12 0.3828125 0.32421875 0.0390625 0.0615234375