8 0.224609375 0.8076171875 0.0546875 0.076171875
5 0.623046875 0.34765625 0.0810546875 0.046875
10 0.556640625 0.642578125 0.046875 0.0693359375
8 0.8544921875 0.376953125 0.04296875 0.0615234375
8 0.0810546875 0.58203125 0.0546875 0.0712890625
3 0.4091796875 0.6162109375 0.05859375 0.0595703125
5 0.697265625 0.1455078125 0.0751953125 0.0458984375
10 0.71875 0.8740234375 0.046875 0.0751953125
6 0.4560546875 0.287109375 0.0654296875 0.0595703125
5 0.8564453125 0.82421875 0.041015625 0.0732421875
6 0.1630859375 0.1962890625 0.0634765625 0.05859375
1 0.1171875 0.1552734375 0.037109375 0.0537109375