5 0.86328125 0.8330078125 0.041015625 0.0751953125
2 0.228515625 0.8271484375 0.048828125 0.078125
2 0.056640625 0.6044921875 0.05078125 0.072265625
3 0.5048828125 0.8720703125 0.052734375 0.072265625
4 0.552734375 0.3232421875 0.044921875 0.0615234375
1 0.283203125 0.3203125 0.041015625 0.0634765625
1 0.67578125 0.169921875 0.037109375 0.056640625
1 0.1171875 0.1357421875 0.0390625 0.0595703125
3 0.3681640625 0.6337890625 0.044921875 0.0556640625
4 0.4169921875 0.1259765625 0.044921875 0.05859375
2 0.4169921875 0.1259765625 0.044921875 0.05859375