8 0.1142578125 0.767578125 0.0908203125 0.0498046875
4 0.580078125 0.8232421875 0.052734375 0.0751953125
3 0.2529296875 0.826171875 0.0966796875 0.048828125
4 0.4501953125 0.5849609375 0.05078125 0.068359375
11 0.70703125 0.1845703125 0.041015625 0.05859375
0 0.8701171875 0.865234375 0.046875 0.076171875
11 0.8681640625 0.3740234375 0.04296875 0.0615234375
8 0.2490234375 0.525390625 0.0849609375 0.0458984375
10 0.341796875 0.3349609375 0.03515625 0.0615234375
10 0.1318359375 0.169921875 0.03515625 0.056640625
5 0.6943359375 0.134765625 0.0751953125 0.044921875
0 0.716796875 0.62890625 0.046875 0.068359375
0 0.60546875 0.349609375 0.033203125 0.0595703125
3 0.4658203125 0.876953125 0.060546875 0.05859375
8 0.09375 0.556640625 0.0634765625 0.0615234375
0 0.4150390625 0.171875 0.03515625 0.05859375