8 0.1337890625 0.796875 0.0908203125 0.052734375
2 0.1884765625 0.728515625 0.0869140625 0.0634765625
8 0.248046875 0.5458984375 0.0849609375 0.048828125
7 0.533203125 0.6650390625 0.0654296875 0.0654296875
8 0.876953125 0.263671875 0.0654296875 0.0537109375
8 0.08984375 0.560546875 0.0654296875 0.068359375
4 0.4501953125 0.5849609375 0.052734375 0.068359375
7 0.8642578125 0.767578125 0.0693359375 0.06640625
10 0.34375 0.3330078125 0.03515625 0.0615234375
10 0.1298828125 0.1689453125 0.03515625 0.05859375
11 0.6630859375 0.125 0.0771484375 0.052734375
2 0.544921875 0.765625 0.0888671875 0.0654296875
11 0.8837890625 0.3671875 0.041015625 0.0615234375
11 0.625 0.337890625 0.0810546875 0.0556640625
0 0.87109375 0.8720703125 0.044921875 0.068359375
3 0.2314453125 0.8330078125 0.056640625 0.033203125