3 0.5029296875 0.8544921875 0.05078125 0.0712890625
3 0.3759765625 0.6162109375 0.046875 0.0634765625
1 0.830078125 0.3642578125 0.0390625 0.0615234375
4 0.552734375 0.330078125 0.044921875 0.0595703125
1 0.6689453125 0.1806640625 0.037109375 0.056640625
1 0.1171875 0.154296875 0.0390625 0.05859375
5 0.853515625 0.8232421875 0.041015625 0.072265625
11 0.0849609375 0.59765625 0.048828125 0.072265625
12 0.2275390625 0.140625 0.0390625 0.056640625
11 0.2529296875 0.8134765625 0.048828125 0.076171875
5 0.65625 0.6103515625 0.0390625 0.068359375
12 0.3837890625 0.3232421875 0.0390625 0.0625