1 0.1337890625 0.318359375 0.056640625 0.0615234375
7 0.2587890625 0.2734375 0.046875 0.0615234375
7 0.51171875 0.4130859375 0.048828125 0.0625
12 0.197265625 0.630859375 0.037109375 0.0693359375
0 0.5576171875 0.2734375 0.03515625 0.0615234375
2 0.3642578125 0.0302734375 0.0849609375 0.0322265625
9 0.85546875 0.4423828125 0.0390625 0.0595703125
10 0.068359375 0.537109375 0.052734375 0.0693359375
11 0.1484375 0.171875 0.0927734375 0.0419921875
6 0.974609375 0.169921875 0.04296875 0.056640625
4 0.486328125 0.6669921875 0.0546875 0.072265625
9 0.5751953125 0.6064453125 0.046875 0.068359375
0 0.4267578125 0.8193359375 0.044921875 0.0751953125
12 0.4267578125 0.8193359375 0.04296875 0.076171875