1 0.1328125 0.318359375 0.056640625 0.0615234375
4 0.61328125 0.9189453125 0.05859375 0.0791015625
7 0.2587890625 0.2724609375 0.046875 0.0615234375
7 0.51171875 0.4130859375 0.048828125 0.0634765625
9 0.857421875 0.443359375 0.0390625 0.0625
12 0.1953125 0.630859375 0.037109375 0.0712890625
9 0.5751953125 0.607421875 0.044921875 0.068359375
0 0.5576171875 0.2724609375 0.03515625 0.0615234375
12 0.4267578125 0.8212890625 0.04296875 0.076171875
0 0.7470703125 0.455078125 0.03515625 0.0625
4 0.4873046875 0.6689453125 0.0546875 0.072265625
9 0.8447265625 0.7705078125 0.048828125 0.072265625
11 0.1474609375 0.1708984375 0.0927734375 0.0400390625
2 0.3642578125 0.029296875 0.0869140625 0.0322265625
10 0.0673828125 0.537109375 0.052734375 0.0693359375
6 0.9755859375 0.169921875 0.04296875 0.05859375