4 0.552734375 0.330078125 0.044921875 0.0595703125
1 0.8310546875 0.3642578125 0.037109375 0.0595703125
10 0.5283203125 0.6171875 0.041015625 0.068359375
1 0.1171875 0.154296875 0.037109375 0.05859375
1 0.6689453125 0.1806640625 0.037109375 0.0556640625
11 0.083984375 0.59765625 0.048828125 0.0712890625
12 0.2275390625 0.140625 0.037109375 0.056640625
5 0.8544921875 0.8212890625 0.0390625 0.0732421875
10 0.7060546875 0.8388671875 0.04296875 0.0732421875
12 0.3837890625 0.3232421875 0.0390625 0.0615234375
3 0.373046875 0.6083984375 0.048828125 0.0634765625
11 0.24609375 0.81640625 0.048828125 0.076171875