7 0.7685546875 0.830078125 0.05859375 0.0693359375
1 0.126953125 0.318359375 0.056640625 0.0595703125
4 0.6201171875 0.9150390625 0.052734375 0.0791015625
9 0.5400390625 0.455078125 0.048828125 0.0634765625
2 0.3642578125 0.03125 0.0869140625 0.0322265625
10 0.177734375 0.7890625 0.0732421875 0.0693359375
11 0.1494140625 0.1669921875 0.0908203125 0.04296875
6 0.97265625 0.169921875 0.041015625 0.0537109375
10 0.14453125 0.537109375 0.0712890625 0.0625
0 0.5654296875 0.2724609375 0.03515625 0.0615234375
11 0.462890625 0.12890625 0.0888671875 0.0419921875
7 0.2421875 0.2724609375 0.044921875 0.0556640625
1 0.265625 0.494140625 0.041015625 0.06640625
12 0.412109375 0.8271484375 0.04296875 0.076171875
10 0.0703125 0.537109375 0.05078125 0.068359375