1 0.126953125 0.318359375 0.056640625 0.0595703125
5 0.896484375 0.68359375 0.060546875 0.068359375
4 0.6201171875 0.9150390625 0.052734375 0.080078125
9 0.8623046875 0.43359375 0.0390625 0.0625
6 0.9736328125 0.171875 0.04296875 0.056640625
11 0.1494140625 0.1669921875 0.0908203125 0.0419921875
9 0.5400390625 0.4560546875 0.05078125 0.0634765625
2 0.3642578125 0.03125 0.0849609375 0.0322265625
12 0.4130859375 0.8271484375 0.04296875 0.076171875
0 0.56640625 0.2724609375 0.03515625 0.0615234375
10 0.068359375 0.537109375 0.052734375 0.068359375
0 0.634765625 0.6865234375 0.044921875 0.068359375
12 0.1826171875 0.6357421875 0.0390625 0.0712890625
7 0.2421875 0.2724609375 0.044921875 0.0556640625
11 0.462890625 0.12890625 0.0888671875 0.0400390625
1 0.263671875 0.494140625 0.04296875 0.06640625