8 0.22265625 0.80859375 0.0546875 0.076171875
8 0.8486328125 0.37890625 0.044921875 0.0615234375
8 0.7060546875 0.1875 0.04296875 0.05859375
10 0.556640625 0.642578125 0.046875 0.068359375
8 0.080078125 0.58203125 0.0546875 0.0712890625
3 0.4091796875 0.6162109375 0.056640625 0.0595703125
10 0.7197265625 0.8740234375 0.046875 0.0751953125
6 0.6044921875 0.330078125 0.03515625 0.0615234375
5 0.8583984375 0.826171875 0.041015625 0.0732421875
1 0.1162109375 0.154296875 0.0390625 0.05859375
8 0.681640625 0.181640625 0.0234375 0.05859375
6 0.4541015625 0.2763671875 0.0693359375 0.0595703125