8 0.705078125 0.1884765625 0.04296875 0.05859375
8 0.2236328125 0.806640625 0.0546875 0.076171875
8 0.8466796875 0.37890625 0.044921875 0.0615234375
3 0.4091796875 0.6162109375 0.05859375 0.0595703125
8 0.08203125 0.58203125 0.0546875 0.0712890625
10 0.5556640625 0.6416015625 0.046875 0.0693359375
10 0.7177734375 0.873046875 0.046875 0.0751953125
5 0.85546875 0.8232421875 0.041015625 0.0751953125
6 0.60546875 0.330078125 0.0390625 0.0615234375
6 0.1591796875 0.20703125 0.0693359375 0.05859375
6 0.462890625 0.283203125 0.0712890625 0.0595703125
1 0.1181640625 0.1552734375 0.037109375 0.056640625
8 0.6826171875 0.18359375 0.0234375 0.0625