2 0.234375 0.8193359375 0.046875 0.0751953125
4 0.4189453125 0.1357421875 0.04296875 0.056640625
7 0.5234375 0.8427734375 0.048828125 0.0751953125
2 0.068359375 0.6025390625 0.048828125 0.0693359375
1 0.671875 0.1787109375 0.03515625 0.0556640625
7 0.3701171875 0.6142578125 0.048828125 0.068359375
5 0.6572265625 0.611328125 0.0390625 0.06640625
1 0.8330078125 0.3642578125 0.037109375 0.0615234375
4 0.5517578125 0.328125 0.04296875 0.0595703125
1 0.2890625 0.32421875 0.037109375 0.0615234375
1 0.125 0.14453125 0.037109375 0.05859375
5 0.85546875 0.8251953125 0.0390625 0.0732421875