8 0.8486328125 0.3779296875 0.044921875 0.0615234375
10 0.5283203125 0.6171875 0.04296875 0.068359375
8 0.7060546875 0.1875 0.044921875 0.05859375
1 0.1162109375 0.1533203125 0.0390625 0.05859375
11 0.2451171875 0.81640625 0.05078125 0.078125
11 0.0830078125 0.5986328125 0.05078125 0.072265625
6 0.5771484375 0.3330078125 0.04296875 0.0625
12 0.2353515625 0.1337890625 0.04296875 0.05859375
10 0.70703125 0.83984375 0.04296875 0.0751953125
5 0.85546875 0.8212890625 0.041015625 0.0732421875
3 0.3720703125 0.607421875 0.05078125 0.0634765625
6 0.43359375 0.1298828125 0.04296875 0.0712890625
8 0.68359375 0.181640625 0.0234375 0.0595703125