8 0.2607421875 0.537109375 0.0869140625 0.0458984375
8 0.0927734375 0.55859375 0.0654296875 0.06640625
0 0.1953125 0.798828125 0.0986328125 0.05859375
8 0.875 0.265625 0.0654296875 0.0556640625
10 0.1162109375 0.1640625 0.033203125 0.056640625
0 0.330078125 0.5537109375 0.0908203125 0.0517578125
11 0.662109375 0.1279296875 0.0771484375 0.052734375
4 0.4521484375 0.5810546875 0.046875 0.0625
6 0.5712890625 0.8955078125 0.0927734375 0.056640625
12 0.2919921875 0.3076171875 0.052734375 0.044921875
12 0.2998046875 0.3046875 0.0712890625 0.0498046875
10 0.3154296875 0.34375 0.03515625 0.0458984375
11 0.625 0.33984375 0.0810546875 0.0556640625
3 0.2265625 0.830078125 0.05078125 0.037109375
12 0.34375 0.09765625 0.0751953125 0.048828125