7 0.5859375 0.9033203125 0.041015625 0.0791015625
9 0.849609375 0.4462890625 0.037109375 0.0615234375
0 0.5068359375 0.2666015625 0.037109375 0.0595703125
0 0.7177734375 0.435546875 0.037109375 0.0634765625
2 0.1025390625 0.2021484375 0.0390625 0.05859375
6 0.974609375 0.1708984375 0.04296875 0.056640625
11 0.3388671875 0.43359375 0.044921875 0.06640625
12 0.064453125 0.705078125 0.0390625 0.0732421875
7 0.3505859375 0.7041015625 0.0390625 0.0732421875
12 0.2744140625 0.9150390625 0.041015625 0.0791015625
11 0.1533203125 0.26953125 0.03515625 0.03515625
11 0.1533203125 0.2548828125 0.03515625 0.0625