8 0.091796875 0.5732421875 0.0654296875 0.068359375
11 0.8623046875 0.3759765625 0.04296875 0.0625
3 0.271484375 0.8359375 0.0947265625 0.052734375
10 0.34375 0.3369140625 0.03515625 0.0595703125
10 0.13671875 0.1728515625 0.03515625 0.05859375
0 0.880859375 0.8408203125 0.044921875 0.0751953125
0 0.603515625 0.3505859375 0.0390625 0.0615234375
0 0.685546875 0.6220703125 0.04296875 0.072265625
11 0.7021484375 0.1884765625 0.041015625 0.0595703125
4 0.58203125 0.6591796875 0.0771484375 0.06640625
3 0.4716796875 0.8701171875 0.060546875 0.06640625
3 0.3759765625 0.5947265625 0.0888671875 0.046875