8 0.7060546875 0.1884765625 0.04296875 0.056640625
8 0.84765625 0.37890625 0.044921875 0.0615234375
10 0.5283203125 0.6171875 0.041015625 0.068359375
1 0.1162109375 0.154296875 0.0390625 0.05859375
11 0.083984375 0.59765625 0.05078125 0.0712890625
5 0.8544921875 0.8212890625 0.041015625 0.0732421875
12 0.2255859375 0.1513671875 0.04296875 0.05859375
3 0.373046875 0.607421875 0.05078125 0.0625
10 0.70703125 0.8388671875 0.044921875 0.0751953125
6 0.57421875 0.3544921875 0.037109375 0.0615234375
6 0.4169921875 0.1689453125 0.0390625 0.05859375
11 0.2470703125 0.8154296875 0.048828125 0.076171875
8 0.6826171875 0.18359375 0.0234375 0.0615234375