1 0.126953125 0.318359375 0.056640625 0.0595703125
5 0.8955078125 0.68359375 0.060546875 0.0693359375
4 0.6201171875 0.9150390625 0.052734375 0.0791015625
10 0.177734375 0.7880859375 0.0732421875 0.0712890625
2 0.3642578125 0.0322265625 0.0849609375 0.0322265625
6 0.97265625 0.171875 0.04296875 0.05859375
10 0.1435546875 0.537109375 0.0693359375 0.0625
11 0.1494140625 0.1669921875 0.0908203125 0.0419921875
9 0.8623046875 0.43359375 0.0390625 0.0625
0 0.56640625 0.2734375 0.03515625 0.0615234375
12 0.412109375 0.826171875 0.04296875 0.076171875
12 0.634765625 0.6865234375 0.044921875 0.0693359375
9 0.5390625 0.45703125 0.048828125 0.0654296875
11 0.462890625 0.12890625 0.0869140625 0.0400390625
7 0.2421875 0.2724609375 0.04296875 0.0556640625
10 0.0703125 0.537109375 0.05078125 0.068359375
1 0.265625 0.494140625 0.041015625 0.06640625