1 0.1279296875 0.3173828125 0.056640625 0.0595703125
7 0.244140625 0.2724609375 0.044921875 0.0615234375
5 0.896484375 0.68359375 0.060546875 0.0693359375
4 0.6201171875 0.9150390625 0.052734375 0.0791015625
9 0.8623046875 0.4345703125 0.0390625 0.0615234375
11 0.150390625 0.16796875 0.0966796875 0.0419921875
1 0.501953125 0.6708984375 0.044921875 0.072265625
2 0.3642578125 0.03125 0.0849609375 0.0322265625
6 0.9736328125 0.1708984375 0.04296875 0.05859375
10 0.068359375 0.537109375 0.0546875 0.068359375
1 0.2763671875 0.4921875 0.041015625 0.06640625
0 0.5654296875 0.2724609375 0.03515625 0.0615234375
12 0.1845703125 0.634765625 0.037109375 0.0693359375
7 0.4951171875 0.4150390625 0.046875 0.0625
11 0.4609375 0.126953125 0.0888671875 0.0400390625
0 0.4130859375 0.828125 0.04296875 0.0751953125
5 0.59765625 0.55078125 0.056640625 0.0634765625