4 0.583984375 0.662109375 0.0751953125 0.06640625
8 0.087890625 0.57421875 0.0634765625 0.0693359375
3 0.4736328125 0.8740234375 0.0634765625 0.06640625
3 0.271484375 0.8388671875 0.0966796875 0.052734375
5 0.6240234375 0.3466796875 0.0810546875 0.046875
8 0.85546875 0.3759765625 0.044921875 0.0615234375
4 0.9140625 0.7490234375 0.0791015625 0.0693359375
3 0.3740234375 0.5966796875 0.0869140625 0.046875
5 0.697265625 0.14453125 0.0771484375 0.044921875
6 0.1611328125 0.1953125 0.0634765625 0.0595703125
6 0.4560546875 0.287109375 0.0654296875 0.0615234375
1 0.1162109375 0.15234375 0.037109375 0.052734375