1 0.134765625 0.3212890625 0.05859375 0.05859375
4 0.4892578125 0.6640625 0.0546875 0.072265625
10 0.0703125 0.544921875 0.048828125 0.0693359375
2 0.74609375 0.642578125 0.048828125 0.0693359375
4 0.6103515625 0.9150390625 0.0546875 0.078125
1 0.421875 0.431640625 0.060546875 0.0615234375
9 0.849609375 0.4462890625 0.0390625 0.0615234375
11 0.1435546875 0.1650390625 0.0908203125 0.0419921875
0 0.7177734375 0.4345703125 0.037109375 0.0634765625
0 0.5068359375 0.265625 0.037109375 0.0595703125
2 0.3642578125 0.0302734375 0.0849609375 0.0322265625
10 0.232421875 0.7607421875 0.048828125 0.0751953125
6 0.974609375 0.169921875 0.04296875 0.056640625