8 0.2236328125 0.8076171875 0.0546875 0.0751953125
8 0.7060546875 0.1884765625 0.04296875 0.056640625
8 0.84765625 0.37890625 0.044921875 0.0615234375
3 0.408203125 0.6162109375 0.056640625 0.0595703125
8 0.08203125 0.58203125 0.0546875 0.0693359375
1 0.1162109375 0.1533203125 0.0390625 0.05859375
10 0.71875 0.8740234375 0.046875 0.0751953125
10 0.5556640625 0.642578125 0.044921875 0.068359375
12 0.2255859375 0.150390625 0.04296875 0.05859375
6 0.57421875 0.3544921875 0.0390625 0.0615234375
5 0.857421875 0.8251953125 0.041015625 0.0732421875
6 0.416015625 0.1689453125 0.0390625 0.0595703125
8 0.68359375 0.18359375 0.0234375 0.0615234375