3 0.7939453125 0.3544921875 0.046875 0.05859375
7 0.5234375 0.8447265625 0.05078125 0.076171875
3 0.67578125 0.1572265625 0.044921875 0.0537109375
3 0.8544921875 0.8525390625 0.04296875 0.076171875
2 0.0654296875 0.6025390625 0.048828125 0.0712890625
2 0.2333984375 0.822265625 0.046875 0.0751953125
1 0.29296875 0.3212890625 0.037109375 0.0625
7 0.3701171875 0.615234375 0.048828125 0.0693359375
1 0.1220703125 0.14453125 0.037109375 0.05859375
9 0.5458984375 0.326171875 0.041015625 0.0625
9 0.408203125 0.1337890625 0.0390625 0.056640625
3 0.6181640625 0.65234375 0.0390625 0.0693359375