9 0.84765625 0.4482421875 0.037109375 0.0625
2 0.09765625 0.2001953125 0.0390625 0.05859375
9 0.6416015625 0.2724609375 0.037109375 0.0595703125
2 0.2890625 0.375 0.0390625 0.0625
7 0.5859375 0.9052734375 0.04296875 0.0791015625
2 0.630859375 0.708984375 0.04296875 0.072265625
2 0.8759765625 0.9091796875 0.046875 0.076171875
12 0.0615234375 0.70703125 0.0390625 0.0732421875
7 0.3515625 0.705078125 0.0390625 0.0732421875
6 0.9755859375 0.1689453125 0.041015625 0.056640625
12 0.2724609375 0.9169921875 0.041015625 0.078125