4 0.5537109375 0.328125 0.046875 0.0595703125
1 0.6708984375 0.1767578125 0.03515625 0.056640625
3 0.3720703125 0.6103515625 0.05078125 0.0634765625
1 0.8359375 0.36328125 0.037109375 0.0615234375
10 0.5283203125 0.619140625 0.041015625 0.068359375
1 0.1123046875 0.150390625 0.037109375 0.05859375
11 0.0791015625 0.6005859375 0.048828125 0.072265625
10 0.708984375 0.8447265625 0.04296875 0.072265625
5 0.859375 0.826171875 0.041015625 0.0732421875
12 0.224609375 0.1357421875 0.0390625 0.056640625
11 0.2421875 0.8193359375 0.048828125 0.076171875
12 0.3818359375 0.3212890625 0.0390625 0.0615234375