8 0.091796875 0.5732421875 0.0654296875 0.068359375
10 0.34375 0.3369140625 0.03515625 0.0615234375
10 0.13671875 0.1728515625 0.03515625 0.05859375
4 0.5830078125 0.66015625 0.0751953125 0.06640625
11 0.86328125 0.375 0.04296875 0.0625
3 0.2705078125 0.8369140625 0.0927734375 0.0517578125
0 0.603515625 0.3515625 0.0390625 0.0595703125
11 0.7021484375 0.1904296875 0.041015625 0.05859375
3 0.375 0.5947265625 0.0869140625 0.046875
4 0.9111328125 0.7470703125 0.0791015625 0.0693359375
3 0.47265625 0.869140625 0.0654296875 0.0693359375
0 0.416015625 0.17578125 0.037109375 0.0595703125