8 0.0888671875 0.5732421875 0.0634765625 0.068359375
4 0.44140625 0.591796875 0.046875 0.068359375
11 0.7060546875 0.1865234375 0.04296875 0.05859375
11 0.8662109375 0.3740234375 0.041015625 0.0615234375
0 0.869140625 0.86328125 0.046875 0.076171875
3 0.2646484375 0.8349609375 0.0947265625 0.0517578125
10 0.3427734375 0.3349609375 0.03515625 0.0595703125
4 0.5927734375 0.822265625 0.048828125 0.0732421875
5 0.693359375 0.1357421875 0.0751953125 0.04296875
10 0.1328125 0.1708984375 0.03515625 0.056640625
0 0.6044921875 0.349609375 0.03515625 0.0595703125
0 0.7158203125 0.626953125 0.046875 0.0693359375
3 0.3671875 0.5927734375 0.0732421875 0.0458984375
0 0.4150390625 0.1728515625 0.03515625 0.056640625