1 0.13671875 0.3212890625 0.05859375 0.05859375
4 0.6123046875 0.9169921875 0.0546875 0.0791015625
1 0.4208984375 0.4326171875 0.05859375 0.0615234375
9 0.84765625 0.447265625 0.037109375 0.0615234375
2 0.3642578125 0.0322265625 0.0849609375 0.0322265625
9 0.57421875 0.6064453125 0.044921875 0.06640625
12 0.1982421875 0.6298828125 0.037109375 0.0693359375
0 0.716796875 0.435546875 0.03515625 0.0634765625
11 0.1494140625 0.166015625 0.0966796875 0.04296875
0 0.505859375 0.2666015625 0.037109375 0.0595703125
4 0.4873046875 0.6669921875 0.052734375 0.0712890625
10 0.0693359375 0.537109375 0.052734375 0.068359375
6 0.97265625 0.171875 0.044921875 0.05859375
9 0.841796875 0.76953125 0.048828125 0.072265625
12 0.427734375 0.818359375 0.04296875 0.076171875
11 0.4580078125 0.12890625 0.0869140625 0.0400390625
0 0.4287109375 0.8193359375 0.04296875 0.0751953125