3 0.5029296875 0.857421875 0.05078125 0.072265625
4 0.4189453125 0.134765625 0.04296875 0.056640625
3 0.375 0.6181640625 0.046875 0.0634765625
1 0.669921875 0.1787109375 0.037109375 0.056640625
1 0.1240234375 0.14453125 0.0390625 0.0595703125
1 0.833984375 0.3642578125 0.0390625 0.0615234375
5 0.658203125 0.6123046875 0.0390625 0.068359375
1 0.2890625 0.32421875 0.037109375 0.0615234375
4 0.5517578125 0.328125 0.044921875 0.0595703125
11 0.08203125 0.599609375 0.048828125 0.072265625
5 0.85546875 0.826171875 0.041015625 0.072265625
11 0.2509765625 0.81640625 0.048828125 0.078125