3 0.7958984375 0.353515625 0.046875 0.05859375
3 0.677734375 0.1552734375 0.044921875 0.0537109375
7 0.5244140625 0.845703125 0.05078125 0.076171875
2 0.0634765625 0.6025390625 0.048828125 0.0712890625
2 0.232421875 0.8232421875 0.046875 0.0751953125
9 0.5458984375 0.3251953125 0.041015625 0.0615234375
7 0.369140625 0.6162109375 0.048828125 0.0693359375
1 0.1201171875 0.142578125 0.037109375 0.05859375
5 0.6591796875 0.61328125 0.0390625 0.068359375
1 0.2919921875 0.3212890625 0.037109375 0.0625
5 0.859375 0.8291015625 0.041015625 0.072265625
9 0.408203125 0.1318359375 0.0390625 0.056640625