8 0.873046875 0.2607421875 0.0654296875 0.0556640625
8 0.1123046875 0.767578125 0.0908203125 0.0517578125
8 0.57421875 0.181640625 0.060546875 0.0537109375
8 0.2490234375 0.525390625 0.0830078125 0.044921875
4 0.451171875 0.5849609375 0.05078125 0.068359375
7 0.5341796875 0.666015625 0.0654296875 0.0654296875
3 0.2529296875 0.826171875 0.0966796875 0.048828125
7 0.8642578125 0.7666015625 0.0693359375 0.06640625
10 0.3427734375 0.3349609375 0.037109375 0.0615234375
10 0.1298828125 0.1708984375 0.03515625 0.056640625
4 0.5830078125 0.8232421875 0.05078125 0.0732421875
11 0.880859375 0.3671875 0.041015625 0.0615234375
0 0.609375 0.349609375 0.033203125 0.0595703125
3 0.4658203125 0.876953125 0.060546875 0.0595703125
8 0.09375 0.5576171875 0.0634765625 0.0615234375
0 0.8720703125 0.865234375 0.046875 0.076171875