3 0.5029296875 0.85546875 0.05078125 0.0712890625
3 0.3759765625 0.6171875 0.046875 0.0634765625
2 0.224609375 0.81640625 0.05078125 0.0751953125
2 0.068359375 0.5947265625 0.05078125 0.0693359375
4 0.419921875 0.13671875 0.04296875 0.056640625
1 0.6689453125 0.1796875 0.037109375 0.056640625
5 0.65625 0.611328125 0.0390625 0.06640625
4 0.5517578125 0.3291015625 0.044921875 0.0595703125
1 0.8310546875 0.3642578125 0.0390625 0.0615234375
5 0.853515625 0.82421875 0.041015625 0.072265625
1 0.291015625 0.3251953125 0.0390625 0.0615234375
1 0.1259765625 0.146484375 0.0390625 0.05859375