2 0.294921875 0.376953125 0.0390625 0.0615234375
2 0.1025390625 0.2041015625 0.037109375 0.05859375
2 0.62890625 0.70703125 0.04296875 0.0712890625
2 0.8720703125 0.9052734375 0.044921875 0.0751953125
7 0.5849609375 0.9013671875 0.041015625 0.0791015625
7 0.3515625 0.703125 0.0390625 0.072265625
6 0.5859375 0.2412109375 0.03515625 0.0595703125
0 0.5478515625 0.400390625 0.037109375 0.0625
6 0.7998046875 0.4072265625 0.0390625 0.0634765625
12 0.0673828125 0.705078125 0.037109375 0.0732421875
0 0.349609375 0.232421875 0.033203125 0.0615234375
12 0.275390625 0.912109375 0.0390625 0.078125