3 0.4736328125 0.8740234375 0.0634765625 0.06640625
8 0.0869140625 0.5751953125 0.0634765625 0.068359375
4 0.5849609375 0.6630859375 0.0732421875 0.0654296875
3 0.26953125 0.83984375 0.0966796875 0.052734375
3 0.3740234375 0.5966796875 0.0869140625 0.0458984375
4 0.9150390625 0.75 0.0791015625 0.068359375
0 0.5986328125 0.33984375 0.03515625 0.0595703125
11 0.8525390625 0.369140625 0.044921875 0.0625
10 0.3447265625 0.3349609375 0.03515625 0.0615234375
10 0.1298828125 0.169921875 0.03515625 0.05859375
0 0.4140625 0.16015625 0.03515625 0.056640625
11 0.7119140625 0.171875 0.05078125 0.0654296875