8 0.8720703125 0.2607421875 0.0634765625 0.0556640625
8 0.57421875 0.181640625 0.060546875 0.0537109375
2 0.189453125 0.7275390625 0.0869140625 0.0634765625
8 0.1357421875 0.794921875 0.0888671875 0.052734375
8 0.2490234375 0.544921875 0.0830078125 0.046875
8 0.091796875 0.5595703125 0.0634765625 0.06640625
7 0.533203125 0.6650390625 0.0654296875 0.0654296875
4 0.4501953125 0.5849609375 0.05078125 0.06640625
7 0.8623046875 0.767578125 0.0693359375 0.06640625
10 0.34375 0.3349609375 0.03515625 0.0615234375
10 0.130859375 0.171875 0.03515625 0.056640625
11 0.8798828125 0.3671875 0.041015625 0.0625
0 0.609375 0.3505859375 0.033203125 0.0595703125
0 0.869140625 0.8662109375 0.044921875 0.076171875
2 0.544921875 0.763671875 0.0888671875 0.0654296875