1 0.1357421875 0.3193359375 0.056640625 0.0595703125
7 0.259765625 0.2744140625 0.044921875 0.0595703125
5 0.8994140625 0.6806640625 0.060546875 0.068359375
7 0.51171875 0.4140625 0.046875 0.0625
4 0.6123046875 0.9169921875 0.056640625 0.0791015625
12 0.197265625 0.6298828125 0.037109375 0.0693359375
2 0.3642578125 0.03125 0.0849609375 0.0322265625
5 0.59765625 0.5517578125 0.0546875 0.0634765625
4 0.4873046875 0.6669921875 0.052734375 0.072265625
9 0.8564453125 0.4365234375 0.0390625 0.0615234375
10 0.0693359375 0.537109375 0.052734375 0.068359375
6 0.9736328125 0.171875 0.04296875 0.056640625
11 0.15234375 0.171875 0.0966796875 0.0419921875
0 0.5478515625 0.2763671875 0.03515625 0.0595703125
12 0.427734375 0.818359375 0.04296875 0.076171875