8 0.0791015625 0.5830078125 0.052734375 0.0712890625
8 0.22265625 0.8095703125 0.0546875 0.076171875
8 0.857421875 0.3759765625 0.044921875 0.0615234375
10 0.5576171875 0.6435546875 0.044921875 0.0693359375
3 0.408203125 0.6171875 0.056640625 0.0615234375
5 0.6240234375 0.345703125 0.0810546875 0.046875
5 0.6982421875 0.142578125 0.0771484375 0.044921875
10 0.720703125 0.8759765625 0.046875 0.0751953125
5 0.8583984375 0.8271484375 0.041015625 0.0732421875
6 0.4560546875 0.2861328125 0.0673828125 0.0615234375
6 0.1611328125 0.1943359375 0.0634765625 0.05859375
1 0.1142578125 0.15234375 0.037109375 0.056640625