1 0.1357421875 0.3212890625 0.05859375 0.05859375
4 0.6123046875 0.9169921875 0.056640625 0.0791015625
1 0.4208984375 0.4326171875 0.05859375 0.0615234375
9 0.8486328125 0.4462890625 0.037109375 0.0615234375
11 0.1455078125 0.1650390625 0.0947265625 0.04296875
0 0.7177734375 0.435546875 0.037109375 0.0634765625
12 0.197265625 0.630859375 0.037109375 0.0712890625
2 0.3642578125 0.03125 0.0849609375 0.0322265625
9 0.57421875 0.6064453125 0.044921875 0.06640625
10 0.0693359375 0.537109375 0.0546875 0.0693359375
0 0.5068359375 0.2666015625 0.037109375 0.0595703125
9 0.8427734375 0.7705078125 0.048828125 0.072265625
6 0.974609375 0.1708984375 0.04296875 0.056640625
4 0.48828125 0.6669921875 0.052734375 0.0712890625
12 0.427734375 0.8203125 0.04296875 0.076171875
11 0.4580078125 0.1279296875 0.0869140625 0.0400390625
0 0.427734375 0.8203125 0.04296875 0.0751953125