3 0.7958984375 0.353515625 0.046875 0.05859375
3 0.677734375 0.1552734375 0.044921875 0.0556640625
7 0.5234375 0.8466796875 0.048828125 0.076171875
2 0.2333984375 0.8232421875 0.046875 0.0751953125
2 0.0634765625 0.6025390625 0.048828125 0.0712890625
3 0.85546875 0.853515625 0.04296875 0.0751953125
7 0.369140625 0.6162109375 0.048828125 0.0693359375
9 0.546875 0.3251953125 0.041015625 0.0625
3 0.619140625 0.654296875 0.0390625 0.0712890625
1 0.1201171875 0.142578125 0.037109375 0.0595703125
1 0.2919921875 0.3212890625 0.037109375 0.0625
9 0.408203125 0.1318359375 0.0390625 0.056640625