4 0.490234375 0.6630859375 0.0546875 0.072265625
4 0.611328125 0.9140625 0.056640625 0.078125
2 0.74609375 0.6416015625 0.048828125 0.0693359375
9 0.849609375 0.4462890625 0.037109375 0.0615234375
0 0.7177734375 0.4345703125 0.037109375 0.0634765625
11 0.1435546875 0.15234375 0.0869140625 0.044921875
10 0.0576171875 0.564453125 0.03515625 0.068359375
0 0.5068359375 0.2666015625 0.037109375 0.0595703125
2 0.365234375 0.03125 0.0849609375 0.0322265625
10 0.279296875 0.7509765625 0.037109375 0.0732421875
11 0.462890625 0.13671875 0.0869140625 0.044921875
6 0.9736328125 0.169921875 0.04296875 0.056640625
2 0.166015625 0.205078125 0.05859375 0.029296875