11 0.333984375 0.4384765625 0.044921875 0.0654296875
9 0.849609375 0.4462890625 0.037109375 0.0615234375
0 0.7177734375 0.435546875 0.037109375 0.0634765625
2 0.6298828125 0.7080078125 0.04296875 0.072265625
7 0.5849609375 0.90234375 0.041015625 0.0791015625
2 0.873046875 0.9072265625 0.046875 0.076171875
12 0.2744140625 0.9150390625 0.041015625 0.0791015625
12 0.064453125 0.705078125 0.0390625 0.0732421875
2 0.1025390625 0.201171875 0.0390625 0.05859375
7 0.3544921875 0.7041015625 0.037109375 0.0732421875
11 0.1669921875 0.2587890625 0.041015625 0.046875