3 0.4736328125 0.8740234375 0.0634765625 0.068359375
8 0.0869140625 0.5751953125 0.0634765625 0.068359375
4 0.5849609375 0.6630859375 0.0751953125 0.06640625
3 0.26953125 0.83984375 0.0966796875 0.052734375
5 0.625 0.3466796875 0.0830078125 0.046875
8 0.8564453125 0.3759765625 0.044921875 0.0615234375
4 0.9150390625 0.7490234375 0.0791015625 0.0693359375
3 0.3740234375 0.5966796875 0.0888671875 0.0458984375
6 0.455078125 0.2861328125 0.0673828125 0.0615234375
1 0.1142578125 0.1533203125 0.0390625 0.05859375
6 0.1611328125 0.193359375 0.060546875 0.0595703125