7 0.5234375 0.8466796875 0.048828125 0.076171875
9 0.5439453125 0.326171875 0.041015625 0.0615234375
2 0.0634765625 0.603515625 0.048828125 0.0712890625
2 0.232421875 0.8232421875 0.046875 0.0751953125
7 0.369140625 0.6162109375 0.048828125 0.0693359375
1 0.6708984375 0.17578125 0.037109375 0.056640625
5 0.859375 0.8291015625 0.041015625 0.072265625
1 0.12109375 0.142578125 0.037109375 0.05859375
1 0.8369140625 0.3623046875 0.037109375 0.0615234375
5 0.6591796875 0.61328125 0.0390625 0.068359375
1 0.291015625 0.3212890625 0.037109375 0.0625
9 0.408203125 0.1318359375 0.0390625 0.056640625