5 0.896484375 0.68359375 0.060546875 0.0693359375
1 0.1279296875 0.3173828125 0.056640625 0.0615234375
7 0.244140625 0.2734375 0.044921875 0.0595703125
4 0.6201171875 0.9150390625 0.052734375 0.080078125
12 0.48828125 0.4677734375 0.044921875 0.0625
1 0.263671875 0.494140625 0.041015625 0.06640625
12 0.4130859375 0.8271484375 0.04296875 0.076171875
2 0.3642578125 0.03125 0.0849609375 0.0322265625
6 0.97265625 0.1708984375 0.04296875 0.05859375
11 0.150390625 0.16796875 0.0947265625 0.0419921875
10 0.068359375 0.537109375 0.052734375 0.068359375
0 0.56640625 0.2724609375 0.03515625 0.0625
9 0.8623046875 0.43359375 0.0390625 0.0625
12 0.1826171875 0.6357421875 0.0390625 0.0712890625
0 0.634765625 0.685546875 0.044921875 0.0693359375
11 0.4599609375 0.126953125 0.0888671875 0.0400390625