7 0.2587890625 0.2724609375 0.046875 0.0615234375
1 0.1328125 0.318359375 0.056640625 0.0595703125
7 0.51171875 0.4130859375 0.048828125 0.0625
4 0.6123046875 0.9189453125 0.056640625 0.0791015625
12 0.1962890625 0.630859375 0.037109375 0.0712890625
12 0.427734375 0.8203125 0.04296875 0.076171875
9 0.857421875 0.443359375 0.0390625 0.0625
0 0.7470703125 0.455078125 0.03515625 0.0634765625
0 0.5576171875 0.2734375 0.03515625 0.0595703125
9 0.5751953125 0.607421875 0.044921875 0.068359375
11 0.1484375 0.1708984375 0.0947265625 0.0400390625
2 0.36328125 0.0302734375 0.0849609375 0.0322265625
10 0.068359375 0.537109375 0.0546875 0.0693359375
9 0.8447265625 0.7705078125 0.048828125 0.072265625
4 0.48828125 0.66796875 0.0546875 0.072265625
6 0.9755859375 0.169921875 0.04296875 0.056640625