8 0.2216796875 0.80859375 0.0546875 0.076171875
8 0.85546875 0.3759765625 0.044921875 0.0625
8 0.080078125 0.5830078125 0.0546875 0.0693359375
5 0.6240234375 0.3466796875 0.0810546875 0.046875
4 0.9052734375 0.751953125 0.0751953125 0.0693359375
3 0.470703125 0.873046875 0.060546875 0.06640625
4 0.578125 0.6572265625 0.0732421875 0.068359375
5 0.697265625 0.14453125 0.0771484375 0.044921875
3 0.4091796875 0.619140625 0.05859375 0.0615234375
6 0.1611328125 0.1953125 0.0634765625 0.05859375
6 0.4560546875 0.287109375 0.0654296875 0.0615234375
1 0.115234375 0.1513671875 0.037109375 0.0517578125