1 0.1357421875 0.3212890625 0.05859375 0.05859375
4 0.60546875 0.9150390625 0.056640625 0.078125
10 0.0712890625 0.544921875 0.048828125 0.0693359375
4 0.48828125 0.6630859375 0.0546875 0.0712890625
9 0.5732421875 0.6064453125 0.044921875 0.06640625
9 0.8486328125 0.4462890625 0.0390625 0.0615234375
11 0.1474609375 0.1650390625 0.0966796875 0.04296875
2 0.3642578125 0.0302734375 0.0849609375 0.0322265625
0 0.7177734375 0.435546875 0.03515625 0.0634765625
10 0.2333984375 0.759765625 0.048828125 0.0732421875
9 0.84375 0.7705078125 0.048828125 0.072265625
0 0.5068359375 0.265625 0.037109375 0.0595703125
1 0.4228515625 0.431640625 0.060546875 0.0615234375
6 0.9736328125 0.169921875 0.04296875 0.056640625
11 0.4580078125 0.126953125 0.0849609375 0.0400390625