4 0.583984375 0.662109375 0.0732421875 0.06640625
8 0.0888671875 0.57421875 0.060546875 0.068359375
3 0.271484375 0.8388671875 0.0947265625 0.0517578125
3 0.4736328125 0.8740234375 0.060546875 0.06640625
8 0.85546875 0.3759765625 0.04296875 0.0615234375
5 0.6259765625 0.345703125 0.0791015625 0.046875
4 0.9130859375 0.7490234375 0.0791015625 0.0693359375
10 0.13671875 0.1572265625 0.033203125 0.056640625
10 0.33203125 0.3271484375 0.033203125 0.0595703125
3 0.3740234375 0.5966796875 0.0888671875 0.0458984375
5 0.69921875 0.1435546875 0.0751953125 0.044921875
6 0.4638671875 0.28515625 0.0712890625 0.0595703125