1 0.126953125 0.318359375 0.056640625 0.0615234375
4 0.6201171875 0.9150390625 0.052734375 0.080078125
2 0.3642578125 0.03125 0.0849609375 0.033203125
11 0.1494140625 0.1669921875 0.0908203125 0.04296875
10 0.0693359375 0.537109375 0.052734375 0.0693359375
7 0.2431640625 0.2724609375 0.046875 0.056640625
12 0.1826171875 0.6357421875 0.0390625 0.0712890625
11 0.462890625 0.12890625 0.0888671875 0.0419921875
1 0.2646484375 0.494140625 0.04296875 0.06640625
0 0.4111328125 0.8310546875 0.046875 0.06640625
12 0.6357421875 0.685546875 0.044921875 0.0693359375