1 0.126953125 0.318359375 0.056640625 0.0595703125
5 0.3642578125 0.515625 0.05859375 0.0595703125
7 0.7685546875 0.83203125 0.05859375 0.0693359375
4 0.619140625 0.9150390625 0.052734375 0.0791015625
10 0.1767578125 0.7890625 0.0732421875 0.0693359375
9 0.8623046875 0.43359375 0.0390625 0.0625
2 0.3642578125 0.03125 0.0849609375 0.0322265625
6 0.97265625 0.171875 0.044921875 0.056640625
0 0.56640625 0.2734375 0.03515625 0.0595703125
10 0.14453125 0.537109375 0.0732421875 0.0634765625
11 0.1494140625 0.1669921875 0.0908203125 0.0419921875
11 0.462890625 0.12890625 0.0869140625 0.0400390625
6 0.5771484375 0.806640625 0.0634765625 0.0712890625
7 0.2412109375 0.26953125 0.041015625 0.0498046875
5 0.677734375 0.62109375 0.0634765625 0.0625
1 0.263671875 0.4931640625 0.04296875 0.06640625
9 0.2802734375 0.322265625 0.04296875 0.0625