9 0.8486328125 0.4462890625 0.037109375 0.0615234375
7 0.5341796875 0.796875 0.05078125 0.0751953125
0 0.5068359375 0.2666015625 0.037109375 0.0595703125
0 0.7177734375 0.4345703125 0.037109375 0.0634765625
2 0.1025390625 0.2021484375 0.0390625 0.056640625
12 0.064453125 0.705078125 0.0390625 0.0732421875
11 0.3388671875 0.43359375 0.044921875 0.068359375
6 0.974609375 0.169921875 0.04296875 0.056640625
12 0.2734375 0.9140625 0.041015625 0.0791015625
2 0.66796875 0.6083984375 0.048828125 0.0693359375
11 0.1533203125 0.26953125 0.037109375 0.033203125
11 0.1533203125 0.2587890625 0.037109375 0.056640625