1 0.126953125 0.318359375 0.056640625 0.0595703125
4 0.6201171875 0.9150390625 0.052734375 0.0791015625
9 0.86328125 0.43359375 0.0390625 0.0625
9 0.5390625 0.45703125 0.048828125 0.0654296875
2 0.3642578125 0.03125 0.0849609375 0.033203125
11 0.1494140625 0.1669921875 0.0908203125 0.04296875
6 0.9736328125 0.1708984375 0.044921875 0.056640625
10 0.1767578125 0.7890625 0.0751953125 0.0712890625
12 0.634765625 0.6865234375 0.046875 0.0693359375
10 0.1435546875 0.537109375 0.0712890625 0.0634765625
0 0.56640625 0.2724609375 0.03515625 0.0615234375
11 0.462890625 0.12890625 0.0888671875 0.0419921875
7 0.2421875 0.2724609375 0.044921875 0.0556640625
10 0.0703125 0.537109375 0.05078125 0.068359375
1 0.265625 0.494140625 0.041015625 0.06640625
12 0.412109375 0.826171875 0.044921875 0.076171875