2 0.294921875 0.376953125 0.0390625 0.0615234375
2 0.1015625 0.2041015625 0.0390625 0.05859375
2 0.62890625 0.70703125 0.04296875 0.072265625
2 0.8720703125 0.9072265625 0.046875 0.076171875
0 0.546875 0.400390625 0.03515625 0.0625
12 0.06640625 0.705078125 0.0390625 0.0732421875
7 0.5849609375 0.9013671875 0.04296875 0.0791015625
7 0.3525390625 0.703125 0.037109375 0.0732421875
6 0.97265625 0.171875 0.044921875 0.05859375
12 0.275390625 0.9130859375 0.0390625 0.078125
0 0.349609375 0.232421875 0.033203125 0.0615234375