2 0.6591796875 0.646484375 0.0732421875 0.06640625
4 0.4228515625 0.66015625 0.041015625 0.0712890625
2 0.3642578125 0.03125 0.0849609375 0.0322265625
9 0.8486328125 0.4462890625 0.037109375 0.0615234375
4 0.611328125 0.8828125 0.04296875 0.078125
0 0.5068359375 0.265625 0.037109375 0.0615234375
0 0.716796875 0.4345703125 0.03515625 0.0634765625
11 0.4619140625 0.13671875 0.0888671875 0.044921875
6 0.9736328125 0.1708984375 0.04296875 0.056640625
11 0.14453125 0.1533203125 0.0869140625 0.044921875
2 0.1669921875 0.2041015625 0.0634765625 0.029296875
10 0.1435546875 0.15234375 0.0869140625 0.044921875