8 0.849609375 0.37890625 0.04296875 0.0595703125
10 0.529296875 0.6181640625 0.041015625 0.068359375
8 0.70703125 0.1865234375 0.04296875 0.056640625
12 0.2265625 0.138671875 0.0390625 0.056640625
4 0.5537109375 0.330078125 0.044921875 0.05859375
11 0.08203125 0.599609375 0.046875 0.0712890625
1 0.115234375 0.15234375 0.037109375 0.05859375
3 0.3720703125 0.609375 0.048828125 0.0634765625
5 0.8564453125 0.822265625 0.0390625 0.0732421875
10 0.70703125 0.841796875 0.04296875 0.072265625
11 0.2451171875 0.8173828125 0.048828125 0.076171875
12 0.3828125 0.322265625 0.0390625 0.0615234375
8 0.6796875 0.1796875 0.025390625 0.0556640625