9 0.849609375 0.4462890625 0.037109375 0.0615234375
0 0.5078125 0.2666015625 0.037109375 0.0595703125
7 0.5849609375 0.90234375 0.041015625 0.0791015625
0 0.7177734375 0.435546875 0.037109375 0.0634765625
2 0.6298828125 0.7080078125 0.04296875 0.072265625
2 0.2900390625 0.3759765625 0.0390625 0.0615234375
2 0.099609375 0.2021484375 0.0390625 0.05859375
2 0.8740234375 0.9072265625 0.046875 0.076171875
7 0.3515625 0.7041015625 0.0390625 0.0732421875
6 0.974609375 0.1708984375 0.04296875 0.056640625
12 0.064453125 0.705078125 0.0390625 0.0732421875
12 0.2744140625 0.9150390625 0.041015625 0.0791015625