8 0.873046875 0.2607421875 0.0654296875 0.0556640625
8 0.1142578125 0.767578125 0.0908203125 0.0498046875
8 0.57421875 0.181640625 0.060546875 0.0537109375
8 0.2490234375 0.525390625 0.0830078125 0.0458984375
4 0.580078125 0.82421875 0.052734375 0.0751953125
3 0.2529296875 0.826171875 0.0966796875 0.048828125
0 0.8701171875 0.865234375 0.046875 0.076171875
4 0.4501953125 0.5849609375 0.05078125 0.06640625
10 0.34375 0.3349609375 0.03515625 0.0615234375
10 0.130859375 0.1708984375 0.03515625 0.056640625
0 0.716796875 0.62890625 0.044921875 0.0693359375
11 0.880859375 0.3671875 0.041015625 0.0615234375
0 0.6103515625 0.3505859375 0.03515625 0.0595703125
3 0.466796875 0.8759765625 0.0634765625 0.0595703125
8 0.09375 0.556640625 0.0634765625 0.0595703125